8.520000000000000000e+02 1.200000000000000000e+01 5.600000000000000000e+01 3.300000000000000000e+01 8.000000000000000000e+00 1.400000000000000000e+01 1.200000000000000000e+01 1.100000000000000000e+01 1.340000000000000000e+02 4.200000000000000000e+01
1.600000000000000000e+01 8.960000000000000000e+02 3.000000000000000000e+00 5.000000000000000000e+00 1.000000000000000000e+00 2.000000000000000000e+00 2.000000000000000000e+00 2.000000000000000000e+00 3.800000000000000000e+01 5.500000000000000000e+01
5.500000000000000000e+01 1.000000000000000000e+01 6.830000000000000000e+02 7.100000000000000000e+01 6.900000000000000000e+01 5.300000000000000000e+01 4.900000000000000000e+01 2.500000000000000000e+01 1.100000000000000000e+01 9.000000000000000000e+00
6.000000000000000000e+00 5.000000000000000000e+00 6.000000000000000000e+01 6.310000000000000000e+02 5.200000000000000000e+01 1.550000000000000000e+02 5.100000000000000000e+01 2.700000000000000000e+01 1.200000000000000000e+01 1.000000000000000000e+01
1.700000000000000000e+01 1.000000000000000000e+00 6.200000000000000000e+01 7.000000000000000000e+01 7.590000000000000000e+02 4.000000000000000000e+01 3.100000000000000000e+01 4.400000000000000000e+01 1.000000000000000000e+01 3.000000000000000000e+00
4.000000000000000000e+00 0.000000000000000000e+00 4.000000000000000000e+01 8.700000000000000000e+01 1.600000000000000000e+01 6.470000000000000000e+02 1.300000000000000000e+01 2.500000000000000000e+01 2.000000000000000000e+00 2.000000000000000000e+00
6.000000000000000000e+00 5.000000000000000000e+00 5.600000000000000000e+01 5.400000000000000000e+01 3.300000000000000000e+01 1.700000000000000000e+01 8.270000000000000000e+02 4.000000000000000000e+00 1.600000000000000000e+01 7.000000000000000000e+00
1.200000000000000000e+01 1.000000000000000000e+00 3.300000000000000000e+01 3.400000000000000000e+01 5.700000000000000000e+01 6.400000000000000000e+01 1.100000000000000000e+01 8.580000000000000000e+02 5.000000000000000000e+00 1.000000000000000000e+01
1.700000000000000000e+01 9.000000000000000000e+00 2.000000000000000000e+00 4.000000000000000000e+00 2.000000000000000000e+00 4.000000000000000000e+00 0.000000000000000000e+00 0.000000000000000000e+00 7.420000000000000000e+02 7.000000000000000000e+00
1.500000000000000000e+01 6.100000000000000000e+01 5.000000000000000000e+00 1.100000000000000000e+01 3.000000000000000000e+00 4.000000000000000000e+00 4.000000000000000000e+00 4.000000000000000000e+00 3.000000000000000000e+01 8.550000000000000000e+02
