7.870000000000000000e+02 1.300000000000000000e+01 6.800000000000000000e+01 2.800000000000000000e+01 2.000000000000000000e+01 9.000000000000000000e+00 1.100000000000000000e+01 1.100000000000000000e+01 8.600000000000000000e+01 1.500000000000000000e+01
3.100000000000000000e+01 8.660000000000000000e+02 6.000000000000000000e+00 1.800000000000000000e+01 3.000000000000000000e+00 7.000000000000000000e+00 9.000000000000000000e+00 8.000000000000000000e+00 4.400000000000000000e+01 4.700000000000000000e+01
4.700000000000000000e+01 3.000000000000000000e+00 5.780000000000000000e+02 7.200000000000000000e+01 4.100000000000000000e+01 5.800000000000000000e+01 4.800000000000000000e+01 2.700000000000000000e+01 1.000000000000000000e+01 2.000000000000000000e+00
7.000000000000000000e+00 0.000000000000000000e+00 3.600000000000000000e+01 4.490000000000000000e+02 2.700000000000000000e+01 9.500000000000000000e+01 3.400000000000000000e+01 1.300000000000000000e+01 3.000000000000000000e+00 2.000000000000000000e+00
1.100000000000000000e+01 0.000000000000000000e+00 7.300000000000000000e+01 5.200000000000000000e+01 6.450000000000000000e+02 5.300000000000000000e+01 1.900000000000000000e+01 2.000000000000000000e+01 1.000000000000000000e+00 0.000000000000000000e+00
0.000000000000000000e+00 2.000000000000000000e+00 3.600000000000000000e+01 1.290000000000000000e+02 1.000000000000000000e+01 5.870000000000000000e+02 1.500000000000000000e+01 2.100000000000000000e+01 0.000000000000000000e+00 0.000000000000000000e+00
5.000000000000000000e+00 8.000000000000000000e+00 1.010000000000000000e+02 9.600000000000000000e+01 9.300000000000000000e+01 3.200000000000000000e+01 8.250000000000000000e+02 9.000000000000000000e+00 5.000000000000000000e+00 4.000000000000000000e+00
3.300000000000000000e+01 9.000000000000000000e+00 6.500000000000000000e+01 8.200000000000000000e+01 1.340000000000000000e+02 1.120000000000000000e+02 2.100000000000000000e+01 8.700000000000000000e+02 7.000000000000000000e+00 9.000000000000000000e+00
4.400000000000000000e+01 9.000000000000000000e+00 1.000000000000000000e+01 2.000000000000000000e+01 1.200000000000000000e+01 1.400000000000000000e+01 3.000000000000000000e+00 5.000000000000000000e+00 7.990000000000000000e+02 1.000000000000000000e+01
3.500000000000000000e+01 9.000000000000000000e+01 2.700000000000000000e+01 5.400000000000000000e+01 1.500000000000000000e+01 3.300000000000000000e+01 1.500000000000000000e+01 1.600000000000000000e+01 4.500000000000000000e+01 9.110000000000000000e+02
