3.510000000000000000e+02 5.800000000000000000e+01 5.500000000000000000e+01 2.100000000000000000e+01 4.300000000000000000e+01 9.000000000000000000e+00 5.000000000000000000e+00 2.400000000000000000e+01 1.210000000000000000e+02 4.800000000000000000e+01
3.200000000000000000e+01 4.440000000000000000e+02 1.000000000000000000e+01 1.000000000000000000e+01 4.000000000000000000e+00 4.000000000000000000e+00 5.000000000000000000e+00 9.000000000000000000e+00 4.000000000000000000e+01 1.830000000000000000e+02
4.300000000000000000e+01 7.000000000000000000e+00 1.030000000000000000e+02 3.300000000000000000e+01 4.500000000000000000e+01 3.500000000000000000e+01 1.300000000000000000e+01 1.700000000000000000e+01 1.500000000000000000e+01 4.000000000000000000e+00
1.400000000000000000e+01 1.500000000000000000e+01 9.200000000000000000e+01 2.400000000000000000e+02 5.900000000000000000e+01 1.880000000000000000e+02 1.460000000000000000e+02 6.400000000000000000e+01 3.100000000000000000e+01 2.900000000000000000e+01
3.400000000000000000e+01 1.400000000000000000e+01 1.770000000000000000e+02 8.200000000000000000e+01 2.450000000000000000e+02 9.300000000000000000e+01 7.600000000000000000e+01 7.400000000000000000e+01 1.300000000000000000e+01 2.500000000000000000e+01
1.300000000000000000e+01 1.000000000000000000e+01 6.200000000000000000e+01 9.700000000000000000e+01 3.900000000000000000e+01 1.510000000000000000e+02 3.000000000000000000e+01 4.900000000000000000e+01 1.100000000000000000e+01 1.800000000000000000e+01
1.500000000000000000e+01 8.000000000000000000e+00 1.830000000000000000e+02 1.750000000000000000e+02 1.930000000000000000e+02 1.050000000000000000e+02 5.110000000000000000e+02 4.800000000000000000e+01 9.000000000000000000e+00 1.600000000000000000e+01
8.600000000000000000e+01 1.600000000000000000e+01 2.160000000000000000e+02 2.430000000000000000e+02 3.030000000000000000e+02 3.600000000000000000e+02 1.610000000000000000e+02 6.450000000000000000e+02 2.600000000000000000e+01 6.100000000000000000e+01
3.880000000000000000e+02 2.770000000000000000e+02 7.900000000000000000e+01 6.400000000000000000e+01 4.700000000000000000e+01 3.700000000000000000e+01 2.200000000000000000e+01 3.100000000000000000e+01 6.990000000000000000e+02 2.500000000000000000e+02
2.400000000000000000e+01 1.510000000000000000e+02 2.300000000000000000e+01 3.500000000000000000e+01 2.200000000000000000e+01 1.800000000000000000e+01 3.100000000000000000e+01 3.900000000000000000e+01 3.500000000000000000e+01 3.660000000000000000e+02
