6.550000000000000000e+02 3.400000000000000000e+01 6.800000000000000000e+01 2.200000000000000000e+01 2.700000000000000000e+01 6.000000000000000000e+00 7.000000000000000000e+00 1.000000000000000000e+01 8.100000000000000000e+01 1.700000000000000000e+01
3.100000000000000000e+01 7.530000000000000000e+02 6.000000000000000000e+00 6.000000000000000000e+00 8.000000000000000000e+00 3.000000000000000000e+00 3.000000000000000000e+00 6.000000000000000000e+00 3.300000000000000000e+01 8.600000000000000000e+01
8.100000000000000000e+01 1.000000000000000000e+01 5.690000000000000000e+02 1.430000000000000000e+02 2.520000000000000000e+02 9.600000000000000000e+01 6.700000000000000000e+01 5.300000000000000000e+01 2.300000000000000000e+01 1.200000000000000000e+01
2.600000000000000000e+01 9.000000000000000000e+00 8.000000000000000000e+01 4.500000000000000000e+02 8.700000000000000000e+01 2.110000000000000000e+02 6.100000000000000000e+01 6.400000000000000000e+01 1.800000000000000000e+01 1.500000000000000000e+01
3.000000000000000000e+00 4.000000000000000000e+00 1.900000000000000000e+01 1.800000000000000000e+01 2.430000000000000000e+02 1.100000000000000000e+01 1.200000000000000000e+01 2.300000000000000000e+01 2.000000000000000000e+00 2.000000000000000000e+00
1.400000000000000000e+01 6.000000000000000000e+00 7.900000000000000000e+01 1.830000000000000000e+02 7.300000000000000000e+01 5.620000000000000000e+02 3.700000000000000000e+01 9.600000000000000000e+01 1.100000000000000000e+01 6.000000000000000000e+00
1.400000000000000000e+01 1.400000000000000000e+01 1.010000000000000000e+02 1.270000000000000000e+02 1.800000000000000000e+02 5.500000000000000000e+01 8.000000000000000000e+02 2.800000000000000000e+01 1.500000000000000000e+01 2.400000000000000000e+01
2.400000000000000000e+01 1.900000000000000000e+01 4.900000000000000000e+01 3.000000000000000000e+01 1.140000000000000000e+02 4.800000000000000000e+01 1.000000000000000000e+01 6.980000000000000000e+02 8.000000000000000000e+00 2.500000000000000000e+01
1.120000000000000000e+02 3.100000000000000000e+01 1.500000000000000000e+01 1.400000000000000000e+01 8.000000000000000000e+00 4.000000000000000000e+00 3.000000000000000000e+00 2.000000000000000000e+00 7.650000000000000000e+02 4.300000000000000000e+01
4.000000000000000000e+01 1.200000000000000000e+02 1.400000000000000000e+01 7.000000000000000000e+00 8.000000000000000000e+00 4.000000000000000000e+00 0.000000000000000000e+00 2.000000000000000000e+01 4.400000000000000000e+01 7.700000000000000000e+02
