confusion matrix 1
Linear SVC, 1vAll
separation training-validation set 90-10
[[140  41   3  59   6  44   9  20  75  96]
 [ 16 201   5  34   7  21  15  17  28 144]
 [ 30  43  31 107  37  92  34  27  31  47]
 [ 13  42   5 193   9 115  26  11  31  74]
 [ 18  38  14  98 106  55  39  45  23  39]
 [ 11  44   9 178  19 156  23  23  21  45]
 [ 11  36  11 118  37  64 134  15  17  45]
 [ 15  40  12  88  21  51  12 138  14  94]
 [ 51  48   1  29   1  36   1   4 247 114]
 [ 16  91   8  27   7  18  11  13  40 281]]

confusion matrix 2
Linear SVC, 1vAll
separation training-validation set 90-10
[[ 55 118   7   6   3   2  10  27 257   8]
 [  7 320   6   6   3   4  14  25  79  24]
 [ 13 106  62  26  31  11  52  54 119   5]
 [ 14 125  23  92  10  29  49  26 137  14]
 [ 12  84  34  29  83  16  52  81  74  10]
 [ 10 107  27  87  19  65  45  40 119  10]
 [  6  91  27  42  30  19 164  34  65  10]
 [  8  84  21  28  16  12  20 202  68  26]
 [ 11 107   5   1   0   2   2   4 390  10]
 [  9 236   6   9   6   4  11  30 113  88]]

confusion matrix 3
Linear SVC, 1vAll
separation training-validation set 90-10
[[292  24  33   6   2   5  10  69  40  12]
 [ 68 203  29  19   5  13  32  58  27  34]
 [ 73  19 123  32  15  35  56 101  18   7]
 [ 82  27  59 108   5  70  58  71  22  17]
 [ 54  12  78  33  51  26  69 137  10   5]
 [ 61  16  60  96  11  91  48 118  20   8]
 [ 36  20  61  49  21  33 174  70  12  12]
 [ 50  16  43  25  10  15  19 283   6  18]
 [161  52  14  12   2  15   7  37 199  33]
 [ 80  86  26  10   6  18  21  89  28 148]]

confusion matrix 4
SVC, 1v1
separation training-validation set 90-10
[[265  21  25  13  16   9  17  16  82  29]
 [ 24 284   9  16   5  13  11  21  24  81]
 [ 37  14 180  27  62  27  78  19  22  13]
 [ 20  16  54 177  31  85  62  18  23  33]
 [ 40  12  73  22 182  23  69  31  15   8]
 [ 16  18  57  94  36 179  56  41  17  15]
 [  8  12  45  36  49  25 288  11   6   8]
 [ 15  19  34  32  50  23  26 240   7  39]
 [ 47  36  14   5   6  12   4   6 367  35]
 [ 24  82  12  20   9   8  12  21  38 286]]

confusion matrix 5
SVC, 1v1
50k train, 10k test
array([[549,  34,  67,  23,  22,  13,  20,  31, 184,  57],
       [ 33, 589,  22,  43,  11,  23,  28,  31,  58, 162],
       [ 88,  31, 357,  83, 133,  59, 146,  52,  33,  18],
       [ 38,  35,  90, 339,  68, 149, 148,  45,  33,  55],
       [ 51,  16, 149,  57, 407,  46, 163,  64,  30,  17],
       [ 24,  22, 103, 198,  73, 360,  96,  67,  32,  25],
       [  9,  21,  78,  84, 105,  40, 608,  23,  14,  18],
       [ 41,  32,  55,  75,  96,  68,  50, 486,  26,  71],
       [ 86,  68,  19,  25,  19,  31,  15,  18, 655,  64],
       [ 41, 169,  11,  39,  13,  18,  33,  43,  70, 563]], dtype=int64)
[[549  34  67  23  22  13  20  31 184  57]
 [ 33 589  22  43  11  23  28  31  58 162]
 [ 88  31 357  83 133  59 146  52  33  18]
 [ 38  35  90 339  68 149 148  45  33  55]
 [ 51  16 149  57 407  46 163  64  30  17]
 [ 24  22 103 198  73 360  96  67  32  25]
 [  9  21  78  84 105  40 608  23  14  18]
 [ 41  32  55  75  96  68  50 486  26  71]
 [ 86  68  19  25  19  31  15  18 655  64]
 [ 41 169  11  39  13  18  33  43  70 563]]

confusion matrix 6
Linear SVC, 1vAll
50k train, 10k test
array([[316, 113,  37, 188,  65,  20,  16,  25, 176,  44],
       [ 33, 561,  25,  91,  55,  26,  38,  24,  68,  79],
       [ 83,  66, 155, 255, 201,  44,  99,  32,  48,  17],
       [ 24,  89,  62, 441, 115,  91,  91,  27,  32,  28],
       [ 34,  48,  88, 210, 365,  51, 112,  48,  27,  17],
       [ 25,  73,  49, 375, 157, 158,  56,  33,  54,  20],
       [ 10,  62,  61, 240, 156,  45, 361,  21,  27,  17],
       [ 34,  81,  54, 196, 155,  74,  37, 276,  53,  40],
       [ 86, 160,  21, 112,  49,  15,   9,   7, 491,  50],
       [ 51, 342,  36,  81,  54,  22,  37,  40,  97, 240]], dtype=int64)
[[316 113  37 188  65  20  16  25 176  44]
 [ 33 561  25  91  55  26  38  24  68  79]
 [ 83  66 155 255 201  44  99  32  48  17]
 [ 24  89  62 441 115  91  91  27  32  28]
 [ 34  48  88 210 365  51 112  48  27  17]
 [ 25  73  49 375 157 158  56  33  54  20]
 [ 10  62  61 240 156  45 361  21  27  17]
 [ 34  81  54 196 155  74  37 276  53  40]
 [ 86 160  21 112  49  15   9   7 491  50]
 [ 51 342  36  81  54  22  37  40  97 240]]

confusion matrix 7
Linear SVC, 1vAll
50k train, 10k test
[[ 36  21   0   3 781   2   4   8 142   3]
 [  5 284   0  12 595   9  17  11  46  21]
 [  4  13   9   4 918   6  17   3  25   1]
 [  4  18   3  19 882  25  25   3  19   2]
 [  4   9   2   1 956   1  11   3  13   0]
 [  3  13   1  15 905  29   9   5  17   3]
 [  0  10   0   7 882   5  84   2   7   3]
 [  2  16   1   2 896   7   6  51  14   5]
 [  3  33   0   6 609   7   0   3 334   5]
 [  2 100   2   9 740   4  15  15  60  53]]